tamanho;capacidade;tabu;tempo_exato;fo_exato;tempo_bp;fo_bp;nos_bp;colunas_bp
4;36;1;0.1653;138.2009;6.4636;138.2009;9;22
SEQ_EXATO: V0: [0,4,2,5] ; V1: [0,3,1,5]
SEQ_BP: V0: [0,3,1,5] ; V1: [0,4,2,5]
========================================================================================================================
4;36;2;0.5052;138.2009;6.9896;138.2009;9;22
SEQ_EXATO: V0: [0,4,2,5] ; V1: [0,3,1,5]
SEQ_BP: V0: [0,3,1,5] ; V1: [0,4,2,5]
========================================================================================================================
4;36;3;0.1632;138.2009;14.4757;138.2009;11;28
SEQ_EXATO: V0: [0,4,2,5] ; V1: [0,3,1,5]
SEQ_BP: V0: [0,3,1,5] ; V1: [0,4,2,5]
========================================================================================================================
4;36;4;0.3123;138.2009;10.0319;138.2009;9;22
SEQ_EXATO: V0: [0,4,2,5] ; V1: [0,3,1,5]
SEQ_BP: V0: [0,3,1,5] ; V1: [0,4,2,5]
========================================================================================================================
4;36;5;0.4939;138.2009;10.0269;138.2009;11;28
SEQ_EXATO: V0: [0,4,2,5] ; V1: [0,3,1,5]
SEQ_BP: V0: [0,3,1,5] ; V1: [0,4,2,5]
========================================================================================================================
7;70;1;0.3941;146.1230;43.8670;146.1230;1;90
SEQ_EXATO: V0: [0,6,5,8] ; V1: [0,2,4,3,1,7,8]
SEQ_BP: V0: [0,6,5,8] ; V1: [0,2,4,3,1,7,8]
========================================================================================================================
7;70;2;0.4061;146.1230;32.9107;146.1230;1;90
SEQ_EXATO: V0: [0,6,5,8] ; V1: [0,2,4,3,1,7,8]
SEQ_BP: V0: [0,6,5,8] ; V1: [0,2,4,3,1,7,8]
========================================================================================================================
